image_width: 2592
image_height: 1944
camera_name: down_cam
camera_matrix:
  rows: 3
  cols: 3
  data: [3047.736075925043, 0.0, 1490.5369447179967, 0.0, 3035.987623835168, 987.5668635028402, 0.0, 0.0, 1.0]
distortion_model: plumb_bob
distortion_coefficients:
  rows: 1
  cols: 5
  data: [-0.5115221504444682, 0.2987559766662716, 0.000460789488996392, 0.0020705476250935935, 0.0]
rectification_matrix:
  rows: 3
  cols: 3
  data: [1, 0, 0, 0, 1, 0, 0, 0, 1]
projection_matrix:
  rows: 3
  cols: 4
  data: [2715.086669921875, 0.0, 1538.4665679609316, 0.0, 0.0, 2865.697509765625, 989.4786877317747, 0.0, 0.0, 0.0, 1.0, 0.0]
