D = [-0.5184309101880894, 0.2673253931410924, -0.004009569396199327, -0.009512751869232765, 0.0]
K = [2295.143738132882, 0.0, 1089.391606340324, 0.0, 2282.8130388962886, 538.7151970872768, 0.0, 0.0, 1.0]
R = [1.0, 0.0, 0.0, 0.0, 1.0, 0.0, 0.0, 0.0, 1.0]
P = [2064.0419921875, 0.0, 1101.7335874287528, 0.0, 0.0, 2211.22021484375, 536.3637221270328, 0.0, 0.0, 0.0, 1.0, 0.0]
# oST version 5.0 parameters


[image]

width
1920

height
1080

[narrow_stereo]

camera matrix
2295.143738 0.000000 1089.391606
0.000000 2282.813039 538.715197
0.000000 0.000000 1.000000

distortion
-0.518431 0.267325 -0.004010 -0.009513 0.000000

rectification
1.000000 0.000000 0.000000
0.000000 1.000000 0.000000
0.000000 0.000000 1.000000

projection
2064.041992 0.000000 1101.733587 0.000000
0.000000 2211.220215 536.363722 0.000000
0.000000 0.000000 1.000000 0.000000

