image_width: 2592
image_height: 1944
camera_name: down_cam
camera_matrix:
  rows: 3
  cols: 3
  data: [3005.5581335620973, 0.0, 1316.7891173074072, 0.0, 3004.829984734244, 859.0987167521338, 0.0, 0.0, 1.0]
distortion_model: plumb_bob
distortion_coefficients:
  rows: 1
  cols: 5
  data: [-0.5227397871014783, 0.30198643127869595, 0.007517408560811078, 0.005782221636149375, 0.0]
rectification_matrix:
  rows: 3
  cols: 3
  data: [1, 0, 0, 0, 1, 0, 0, 0, 1]
projection_matrix:
  rows: 3
  cols: 4
  data: [2686.010009765625, 0.0, 1336.5325357511756, 0.0, 0.0, 2829.807373046875, 853.4071846388033, 0.0, 0.0, 0.0, 1.0, 0.0]
