D = [-0.5115221504444682, 0.2987559766662716, 0.000460789488996392, 0.0020705476250935935, 0.0]
K = [3047.736075925043, 0.0, 1490.5369447179967, 0.0, 3035.987623835168, 987.5668635028402, 0.0, 0.0, 1.0]
R = [1.0, 0.0, 0.0, 0.0, 1.0, 0.0, 0.0, 0.0, 1.0]
P = [2715.086669921875, 0.0, 1538.4665679609316, 0.0, 0.0, 2865.697509765625, 989.4786877317747, 0.0, 0.0, 0.0, 1.0, 0.0]
# oST version 5.0 parameters


[image]

width
2592

height
1944

[narrow_stereo]

camera matrix
3047.736076 0.000000 1490.536945
0.000000 3035.987624 987.566864
0.000000 0.000000 1.000000

distortion
-0.511522 0.298756 0.000461 0.002071 0.000000

rectification
1.000000 0.000000 0.000000
0.000000 1.000000 0.000000
0.000000 0.000000 1.000000

projection
2715.086670 0.000000 1538.466568 0.000000
0.000000 2865.697510 989.478688 0.000000
0.000000 0.000000 1.000000 0.000000

