D = [-0.5227397871014783, 0.30198643127869595, 0.007517408560811078, 0.005782221636149375, 0.0]
K = [3005.5581335620973, 0.0, 1316.7891173074072, 0.0, 3004.829984734244, 859.0987167521338, 0.0, 0.0, 1.0]
R = [1.0, 0.0, 0.0, 0.0, 1.0, 0.0, 0.0, 0.0, 1.0]
P = [2686.010009765625, 0.0, 1336.5325357511756, 0.0, 0.0, 2829.807373046875, 853.4071846388033, 0.0, 0.0, 0.0, 1.0, 0.0]
# oST version 5.0 parameters


[image]

width
2592

height
1944

[narrow_stereo]

camera matrix
3005.558134 0.000000 1316.789117
0.000000 3004.829985 859.098717
0.000000 0.000000 1.000000

distortion
-0.522740 0.301986 0.007517 0.005782 0.000000

rectification
1.000000 0.000000 0.000000
0.000000 1.000000 0.000000
0.000000 0.000000 1.000000

projection
2686.010010 0.000000 1336.532536 0.000000
0.000000 2829.807373 853.407185 0.000000
0.000000 0.000000 1.000000 0.000000

