D = [-0.5599486383173988, 0.5692085996623576, 0.00372643331564461, -0.003567933429886408, 0.0]
K = [1533.3677830832182, 0.0, 696.5037463116798, 0.0, 1529.65497842026, 439.8040338323964, 0.0, 0.0, 1.0]
R = [1.0, 0.0, 0.0, 0.0, 1.0, 0.0, 0.0, 0.0, 1.0]
P = [1389.69287109375, 0.0, 701.613987860328, 0.0, 0.0, 1469.9718017578125, 445.04941479176705, 0.0, 0.0, 0.0, 1.0, 0.0]
# oST version 5.0 parameters


[image]

width
1280

height
720

[narrow_stereo]

camera matrix
1533.367783 0.000000 696.503746
0.000000 1529.654978 439.804034
0.000000 0.000000 1.000000

distortion
-0.559949 0.569209 0.003726 -0.003568 0.000000

rectification
1.000000 0.000000 0.000000
0.000000 1.000000 0.000000
0.000000 0.000000 1.000000

projection
1389.692871 0.000000 701.613988 0.000000
0.000000 1469.971802 445.049415 0.000000
0.000000 0.000000 1.000000 0.000000

