D = [0.31643284368864566, -0.5664716471784667, 0.0020020096902739048, -0.0087574703683243, 0.0]
K = [1147.5189556110288, 0.0, 654.5300088240787, 0.0, 1137.2131036508258, 388.5764688588337, 0.0, 0.0, 1.0]
R = [1.0, 0.0, 0.0, 0.0, 1.0, 0.0, 0.0, 0.0, 1.0]
P = [1197.88134765625, 0.0, 645.3732757360849, 0.0, 0.0, 1193.1866455078125, 388.90474592584724, 0.0, 0.0, 0.0, 1.0, 0.0]
# oST version 5.0 parameters


[image]

width
1280

height
720

[narrow_stereo]

camera matrix
1147.518956 0.000000 654.530009
0.000000 1137.213104 388.576469
0.000000 0.000000 1.000000

distortion
0.316433 -0.566472 0.002002 -0.008757 0.000000

rectification
1.000000 0.000000 0.000000
0.000000 1.000000 0.000000
0.000000 0.000000 1.000000

projection
1197.881348 0.000000 645.373276 0.000000
0.000000 1193.186646 388.904746 0.000000
0.000000 0.000000 1.000000 0.000000

